4538
5247
4878
5851
2638
1301
1443
5131
2148
7714
1870
9985
9589
1920
8716
581
9531
6610
5590
3722
949
6595
6188
7649
2544
8672
1091
8306
9508
3723
7357
4225
9197
3130
1530
1043
6447
7605
4891
1412
5574
8211
8739
1924
7040
1448
2757
1130
4747
4333
5105
2281
1828
5870
6994
7756
4596
8654
3804
9629
7230
1383
1799
2504
3935
6455
6041
6700
530
9976
9496
2694
8676
8069
3627
9311
2632
453
7823
4319
9282
5383
3685
9335
5164
4988
1377
9204
1518
5032
1649
4651
7145
6931
2251
5635
2114
186
9766
9885
9815
3019
4805
6255
8681
2089
9755
1216
6696
4875
5629
2534
4860
2221
3750
2529
5648
5392
9024
4826
4509
425
2409
2016
4637
1781
6001
7690
4788
1868
869
7531
8033
928
971
5017
4695
4508
355
6277
3305
4037
9597
641
5532
9164
7766
1157
1954
9327
3921
5919
2205
7830
4640
3510
5900
5914
4627
2006
8408
4551
294
6656
457
4983
9106
7806
3608
5374
1595
8370
7579
1201
7529
9533
9975
7195
1756
1348
4159
1909
6763
5975
3761
3356
5266
3810
8101
6719
1560
4260
7192
5539
3274
5050
2091
2284
7564
2539
1940
7063
8194
7085
5194
3834
6804
2985
585
1860
7585
9097
4175
891
4614
5411
8680
8077
3605
8461
6427
6143
1169
5240
9536
516
8276
5564
6227
707
6885
3393
9480
5550
5109
3379
6554
7753
3195
5517
8474
2966
1065
7382
505
1848
480
4863
4008
2708
4370
7184
5778
6617
2993
1068
2417
1715
2749
910
2686
4101
2456
3022
4531
3246
822
4274
5828
3337
6421
8848
7996
6514
3966
9886
6571
451
9695
5558
9878
2605
2317
9258
5339
7242
8241
3225
9489
3013
792
4282
8148
8732
6161
9174
1117
8232
7664
3738
7918
9570
9004
5631
512
8003
3671
6122
3208
538
3276
6736
5026
2354
9517
3147
2219
2069
6756
5450
6873
8714
8609
5234
9722
1045
1481
3090
8914
1092
8283
7855
5281
5496
3055
2134
2669
618
3502
7398
2214
4615
2067
6800
9634
9364
6864
5492
7781
4673
3878
6497
7284
3660
2586
4739
6351
2844
4995
2803
9565
4492
4456
6955
4753
8068
4176
7380
1668
4139
4970
841
5636
3252
7048
6145
3789
6512
7337
5744
2931
3168
1406
4862
9407
8105
6977
8168
1319
4977
6168
4965
4007
8229
7520
4713
2388
751
5210
6197
4363
6553
3700
2476
1949
1487
6663
5600
7105
9217
9194
3183
5680
5642
5094
7174
6089
9624
1239
623
6952
4378
6297
6496
7866
8351
6220
7976
1397
6375
8316
752
3655
1020
2291
1077
1652
9270
540
2783
5730
2609
9463
8625
1005
6379
8961
8613
8057
9488
7921
7919
5763
6378
9850
6300
370
8397
1654
8590
2608
2748
9735
5459
7928
7058
6002
4597
3257
3152
273
5391
7769
705
8957
8900
8439
5152
6601
6780
5066
2533
9246
9117
8200
3230
4387
1373
533
5614
668
8563
2697
7372
9747
4835
6747
6739
936
2851
9074
1776
9198
4220
9378
5741
8073
6435
775
5153
5432
1798
8678
6907
7327
6749
3764
6183
8847
8646
2294
6434
6879
2928
339
6851
4918
2213
9941
5242
6954
8566
4208
6137
5911
7940
6395
4270
6849
8785
4605
1452
1695
5175
4669
4657
1972
7981
2967
2264
3297
2790
4280
5453
5858
2085
7636
9765
4641
9945
9429
8955
4623
6592
6679
8703
9436
7900
3498
4599
4880
1471
1998
2684
8693
6114
1721
6224
463
943
5698
228
2434
9199
6603
7026
2446
6539
4107
1577
6056
2023
2979
4864
4365
3239
2936
4921
199
4114
9550
7562
2826
6928
4726
7728
2911
1321
6722
9895
3592
9460
1585
7835
361
4367
9209
5937
7395
7386
1356
5061
1296
8917
4205
7296
9575
8473
2492
1859
4624
358
9637
2999
9912
2610
9272
3137
4009
2946
3213
6062
2739
132
4725
8562
4978
5035
4957
6665
331
749
139
4251
2951
1086
7393
4893
1809
7475
1300
9720
2716
7549
9790
4571
8018
6443
5212
6180
1186
8281
8978
3808
5875
1012
7260
7062
8267
98
2176
3606
9119
3720
2208
5379
4447
4761
1761
9794
3282
6886
5155
149
2689
3454
6943
8368
3791
5085
2915
6633
9020
9173
5589
3452
9972
4210
8314
921
7639
61
6444
7330
3539
5640
7886
6614
8936
6978
9440
3960
562
3515
5055
6911
7378
4425
6438
6477
5120
1511
4070
1352
9260
5871
8805
3383
8321
2328
649
2628
2863
3474
7482
6705
4803
4750
7282
6376
4969
4849
4566
4065
5575
3448
4244
9737
413
9656
6578
3446
4985
2258
1410
3901
5068
1844
4125
4665
1604
1919
715
5905
8486
4682
8162
5193
342
5873
8032
2769
2453
4520
6086
4500
1049
571
2498
8648
5670
6125
4898
1653
1413
7207
3373
4541
7338
5813
3575
3681
5823
9563
4696
9216
9540
8025
1719
1234
6193
6424
9613
7075
6173
7103
3521
5784
7193
9340
325
8859
7152
8873
2943
7181
4135
5527
7419
8125
9243
3622
6530
2334
9438
8744
1732
3149
2416
6117
5420
680
5733
4362
2681
4700
1393
9717
391
4610
6669
9021
948
8538
1120
6359
3923
377
4166
9697
1704
8022
9874
8812
9605
7097
5195
5601
8935
6503
387
886
2359
3945
1084
2527
2952
5154
8237
2329
3862
6658
8337
4109
8945
9273
8713
5707
3163
2318
9394
1257
469
8175
7076
5287
5113
9906
1516
4802
4901
9093
8971
701
2624
8533
3689
554
8092
4994
1937
8239
1999
4737
8086
7487
52
9730
8855
1712
4285
4331
64
9569
5219
5504
1156
1062
8644
4227
5265
4554
2559
5703
8844
7136
8043
2777
431
7044
1212
1648
210
1103
261
7736
2097
1035
4608
7468
6562
3392
4917
4439
8060
4616
124
6500
2396
9712
245
4562
9252
758
1687
874
3091
7569
2937
7634
4384
7503
663
5917
2714
5986
6821
7538
870
8205
3321
7653
693
8425
6661
5484
421
8294
4535
4694
947
7837
2145
2570
7819
6206
8715
1743
3527
2158
8453
4254
6607
1558
5795
8500
9290
5135
5799
8112
6812
6689
631
9840
1199
725
9165
9011
8203
3187
3708
1127
6349
8390
5276
804
3457
3760
4025
1964
7840
854
5371
4484
2900
2903
1926
202
9001
2745
6674
5259
5634
4233
9130
8459
2086
4922
8059
2755
1705
2007
9787
8645
5426
2565
1184
7213
9434
6505
5449
9210
1934
3320
3536
9623
1450
1343
2696
6152
6271
3642
1894
8862
2823
3528
9318
289
7411
3303
9475
9271
5177
4774
6428
6345
72
1994
5939
3687
7515
3865
2216
4854
3478
4465
4015
5966
8768
129
1600
3910
2948
9416
19
6132
1833
6119
4016
8167
5221
1849
1785
4399
1215
4523
1332
8689
9228
1646
8767
4259
1708
978
2125
5972
4514
4278
1759
7020
9453
3992
4722
786
1159
8277
3787
7923
4006
3568
8065
8505
2629
8141
6684
7798
9791
1254
8968
7687
6040
6102
6671
2118
62
3458
9007
9155
4338
537
7738
4490
3339
5807
2461
5705
2209
1968
200
9013
8265
8233
515
26
586
3241
1030
9261
9
4389
6975
3103
6609
2535
3231
4602
482
8096
9206
6898
6394
2002
892
5393
9922
7233
4850
2050
1223
1640
6033
29
1217
8048
6078
2122
2795
9648
4246
5618
7227
8941
1563
5888
8090
9189
2741
7646
28
9913
4493
8963
9591
9265
5560
2567
3219
747
4594
8355
5442
8291
368
5647
5142
4738
419
1329
9549
8123
7073
3236
3222
9770
4593
4785
4078
6248
1334
2917
3981
4047
3881
8816
6431
9237
7080
6065
5538
1515
499
3295
6576
9841
4033
9512
9831
5005
3425
573
5606
8278
973
9600
6177
7493
7108
1696
6518
8029
8443
8775
6007
2489
7844
5278
7607
8058
3326
141
9088
1080
2640
7522
389
2927
9608
791
7271
1976
9430
1388
8268
5874
2230
7008
5717
1593
2858
546
6945
8051
204
906
8392
2358
7443
1632
1374
5562
3530
7429
3734
6788
940
2865
7563
5362
8765
9158
4148
18
8399
8136
7
797
6729
5666
3126
8946
2801
265
3639
9802
2355
5072
2984
1597
9486
5117
6198
6583
4291
4789
8285
1155
4098
969
7967
7677
7291
2653
6558
6854
4959
4888
7343
2394
2435
1789
9573
4549
7006
5796
4346
8234
6651
4301
1299
4748
2793
1241
6832
8962
5848
9317
3978
9705
3093
7461
6472
7421
9375
3654
6608
7864
7070
9498
735
4156
7017
5108
9983
9425
9704
1657
3602
9055
380
7281
7054
310
4721
8158
5127
6481
2488
9652
6032
8384
5227
7943
2044
8973
5724
2124
3675
8691
1527
7896
6372
7435
1718
3607
2663
3469
3558
8252
7483
4967
6906
1773
7913
8850
6921
7679
5945
10003
1273
8537
9076
8519
4316
5651
6708
3721
8660
144
6020
3753
6948
5497
4746
6189
9259
5013
259
3015
9633
1325
6295
3354
381
9322
7204
4306
5007
2836
903
367
7706
8918
4555
510
2555
8176
9505
4068
1131
2483
7878
5721
1167
7682
4539
231
6446
2151
6668
909
4861
5114
2017
6877
79
1364
9713
2336
8482
6407
3894
5312
1602
2376
3531
3917
8977
8521
3272
3598
6869
1730
9901
7267
5324
3693
602
7801
6959
1249
3092
3919
1309
7128
6490
6243
5098
1253
4518
9579
260
8354
5254
5728
4990
8371
21
2153
4298
3245
3417
6764
8652
2660
5746
6494
9792
1210
2825
1194
1353
1136
314
3388
7859
1829
6776
5801
6147
7202
2161
4322
6998
8579
5342
8253
8507
3254
7809
6685
2866
5850
7452
5226
4142
3473
7197
3138
8544
5036
9133
7297
8621
2843
162
6260
4309
7778
6772
5950
1221
3011
3658
9064
121
4485
2788
9002
1957
6167
966
4718
7403
2367
6024
2479
4625
8471
1873
1149
1303
5022
754
1229
9499
1634
8413
9968
6381
4329
6429
8476
3490
8000
4045
4355
9192
6506
1008
6149
8540
7508
899
1689
7434
1143
5344
487
2034
9689
7055
3100
9466
7614
7775
9482
4269
4315
7551
2192
3809
3369
5854
3226
1910
9820
977
5320
7758
6492
6502
302
8394
1402
3599
5248
5148
1958
6642
6980
3275
878
3322
6995
8497
766
4432
2880
8163
1739
4149
6292
3719
8151
6692
8705
2516
1053
6374
6982
4086
8121
4946
2918
9286
1428
3976
733
8592
5846
9146
2183
4351
5271
2781
8360
107
3421
1432
5025
6209
5501
3483
7530
6366
2907
9190
5815
4968
1044
6028
2301
4932
8661
6889
9903
59
7501
9256
4650
2508
5478
4405
2712
2246
215
1746
2116
6676
9567
5062
742
6181
2883
9610
7608
7822
7532
6178
7165
6740
4783
2835
5230
4630
4332
5853
2021
3838
3934
2147
7675
1010
495
3115
4699
8011
3766
291
113
8781
7439
5174
9053
5673
2459
2799
7456
3010
777
5457
4502
9435
4074
9899
7761
1281
927
1907
8036
2699
3819
3302
5146
4084
5889
4715
6459
2821
9396
5845
1034
6318
2313
8322
9768
7550
2780
83
9295
6622
5009
1057
9632
4130
2385
7731
7838
9504
206
100
8111
8934
8662
2466
8813
9131
8434
5929
3334
2942
3908
1451
2878
7104
4415
8414
8810
4574
5481
6352
6
8499
691
1340
4905
2402
6219
7667
9123
7241
4711
8514
6843
8883
3391
4507
2889
6156
1326
5522
1658
890
1222
8696
4603
1603
9525
1767
3610
5460
6723
2581
4403
5437
4521
9462
7402
4956
4198
7099
637
4639
7477
2105
78
9446
1793
9742
7528
3545
809
3188
4678
8226
3227
6373
9817
6419
439
3765
8182
946
9336
7369
6905
6927
5396
9929
7153
3661
3412
3006
8792
5390
1371
6108
8604
8028
6807
6044
3153
5431
6875
1161
7874
1692
9888
6532
6727
3
5012
3714
2682
3349
4273
714
2890
7730
2025
3561
4263
7479
17
224
2955
5776
2674
4334
7321
2752
3951
1455
9758
8565
2081
8041
4913
1722
5973
6264
5423
8166
415
1824
6511
6409
2791
9593
3926
8494
13
982
6531
985
9202
2572
277
9819
3729
4807
5865
5952
5322
2083
7906
3503
4323
9191
6537
5559
833
275
3724
5523
221
7364
7266
2957
9235
492
6288
5786
4546
5693
8948
6442
4584
7671
9602
9319
2211
1609
2018
2306
3164
32
128
830
1651
2428
8731
6863
6688
5607
4414
2273
9168
4842
4925
493
8366
1033
3139
7107
1028
2814
8833
3569
7609
9647
4966
1467
7304
3018
2012
8042
9547
318
7583
8330
3882
6923
6750
2524
3487
1425
614
9306
9944
9690
8864
814
5419
364
1361
574
8522
8383
4664
847
5255
4643
9775
9388
4039
7637
2361
3112
92
5433
7418
8633
7955
5080
5792
2267
2590
9075
9797
4974
2439
1562
588
5869
3206
2815
4975
8227
4935
9761
2857
3192
4348
8576
8865
3872
3512
9892
5360
88
4701
8055
3918
4262
422
3942
2664
2625
5335
5806
7352
7469
154
671
359
7526
9546
547
5830
8047
5548
816
4441
1021
9350
1796
8665
4687
3085
2107
2261
7397
1556
6588
7880
989
3324
7436
6343
4145
269
4689
1818
3957
8432
2891
2672
90
7459
6824
8835
1089
5867
1797
9710
3121
8878
3790
1950
8445
7365
5262
5610
276
7584
3370
6996
8896
8870
8920
4763
2073
9293
8088
8450
9942
523
181
4943
3249
6893
1938
3880
861
6947
5924
6793
7715
2310
5361
5042
9420
9045
923
3572
2787
7623
4846
5926
9833
7388
4398
2584
7092
7914
2859
6687
9018
4325
9757
3841
2740
1392
8539
4345
3686
1405
642
3097
5948
5809
7353
6363
5681
7037
2250
8650
3577
6861
8209
7384
525
5863
5742
4662
6635
1862
7051
2644
80
7004
6432
3333
4644
7168
5038
6309
3108
351
2717
3833
189
688
697
8826
9671
6891
9296
5133
7870
1144
4268
4793
4292
1770
4816
8598
3728
3461
956
5407
3148
9159
4841
8349
5001
3210
3390
1134
5139
8488
6830
1071
4187
5754
8189
1003
3035
2776
2733
7095
3413
232
6327
2657
1500
9054
5886
3012
3547
2988
7420
436
5228
9163
8985
2043
3676
5301
2875
7050
308
471
7218
2167
2413
8475
2415
8456
5395
3385
8307
522
5654
3762
7173
9374
5964
9215
8009
8753
3232
3825
6162
634
5176
5351
3235
6516
8796
4340
7491
9674
6452
7890
7150
3336
1088
8659
5829
7007
7285
9743
7847
8898
3039
6900
6298
5704
2326
6391
45
4735
1002
2279
778
9196
1752
3023
3044
7513
5172
5104
8421
9515
2633
2970
7846
9507
9160
6659
760
1853
9767
7142
8960
6527
1582
6963
7692
5751
3453
8300
7980
8773
9940
9399
1788
3792
8104
1858
4979
1202
1610
3036
5821
2691
1764
323
3743
5372
5346
7641
1555
1154
8504
1959
3009
2008
7952
9764
1492
6746
612
5243
5149
6159
6990
5111
8071
418
5082
2202
8954
8270
5190
6339
6053
9279
7288
599
6350
1839
7570
5180
2020
4914
6483
564
1323
5246
7708
5531
3456
5509
9124
4
964
2882
9314
5819
559
1892
7948
3772
9426
3526
7959
5617
143
2606
1447
8923
1072
6213
3107
1304
2103
640
8305
7517
6408
4609
3897
6157
6835
9542
8451
840
2346
5511
7430
7543
8569
6634
7363
7216
858
7214
3364
2678
2905
5988
3820
1774
8134
5675
8517
6757
7394
9571
1255
6791
5028
9750
8143
2704
5968
7188
9211
7998
4420
1313
9887
9771
5399
2974
1271
5922
9732
6367
746
2223
4253
7937
506
4212
1580
9467
7558
5081
5603
5954
1420
9490
2730
8386
4383
146
4730
783
9037
7494
9181
7042
6128
868
2199
3070
5110
4488
8708
1642
3601
4607
8095
1971
8016
3212
4372
1209
1070
9811
3777
1473
4063
3540
9986
9107
4915
7500
5429
639
7074
6632
376
6179
5745
4422
9219
6784
4942
5592
4216
5959
6748
1757
7248
732
4536
1955
9667
1902
6989
4012
6311
5268
2808
7625
8806
5650
2856
3057
5702
3347
9403
8078
386
5303
9900
9077
2203
5436
2308
1986
6794
656
2180
2259
1219
4498
8503
1786
8599
818
3155
5043
6026
7018
8269
3549
3551
7783
8083
8188
3028
3511
4653
9249
6389
961
7083
3666
8776
5731
4082
9454
1426
8448
1047
3088
5053
698
5409
246
1122
1328
6251
565
9422
5021
8313
2235
2867
7448
5780
8208
9721
8152
2809
986
7002
3472
617
4029
9749
1235
695
4515
8323
630
955
9372
5915
4286
3186
362
4038
9156
610
509
1189
3565
3647
6556
6942
8649
8380
2218
5476
1204
8248
3520
681
8017
4339
4202
9404
4455
9788
3077
4961
10004
1769
9580
4324
2834
3883
4320
4266
4558
3247
4962
4717
4800
8994
8549
3484
4020
871
2377
2693
270
6616
7416
6782
6388
1174
2991
1200
6355
2972
5748
8928
1460
6972
2245
1925
1335
6160
8412
2047
9370
304
356
379
5494
8388
4310
3198
8866
1617
7453
4749
8288
7618
3826
5472
3735
8587
6717
412
759
2042
1790
8221
2909
3692
6430
3493
8481
7725
866
8438
619
3240
621
5766
7905
2600
8612
9980
9383
37
6652
1921
4404
8437
5412
7750
5563
3623
9432
6383
9729
1132
3398
4667
972
857
3613
575
4090
5700
1176
4213
198
821
1105
3725
3538
3414
8913
2751
7354
3674
424
4470
4046
7719
7370
1389
2828
8888
288
6060
4445
8056
4537
3594
8005
1121
75
8570
9019
3663
7743
9934
6624
7345
5794
86
7071
286
1794
9379
2964
5064
6259
3104
5213
5217
2934
9152
4335
8035
5404
6648
50
3318
2452
6950
3229
864
8038
4658
8066
4645
812
8554
560
4308
3285
6038
1636
4374
2807
2798
6753
1360
3859
9333
5868
3677
1548
3769
9234
3151
1814
8398
8364
7784
1983
9821
3552
9046
4261
3837
3815
4411
8821
2
9534
9263
87
5789
8054
4103
2886
2840
6468
2750
3906
8129
2698
4073
1629
4642
5192
6092
8510
8010
8642
5788
2237
7672
7115
2601
9868
1357
6767
9367
3650
4963
9714
4828
7324
7604
3355
2288
5879
8623
9003
7409
4204
4196
3963
7138
8721
4504
1386
2015
4729
9328
990
8947
467
1765
6795
633
7724
5428
3928
5132
1456
2496
9810
3756
7087
1749
9332
572
6196
8053
4659
7597
4798
2113
8206
4503
7122
3768
9141
5896
9583
6973
3763
4314
3415
5029
7984
3589
3014
3893
3481
1979
9801
4013
7441
1505
8729
9134
4797
6403
4579
951
3691
8273
5764
4071
3680
5121
3268
5507
8643
9857
5277
3586
893
1017
7535
9581
1884
953
7803
9867
5086
4929
863
2505
3959
2093
4382
2509
7027
7049
8558
6216
7111
5211
3409
8799
8738
6752
6940
6904
5628
1240
9598
1594
8724
528
578
6191
5653
312
5547
2495
9669
1946
8711
8892
3855
3733
9421
9879
4688
369
1569
8204
9352
9121
9678
4954
3327
6018
7355
7894
2075
763
106
8694
3896
8409
4691
2033
4044
957
5309
593
7334
6660
1879
5655
6072
7635
2784
1493
4413
4876
7994
1085
4513
2038
9539
6704
9958
8686
7632
4236
1568
1900
8126
4294
256
2063
238
3701
169
2150
4041
2556
6262
2095
1916
54
601
7186
2389
9933
7843
9997
4634
2497
7827
6441
3665
6222
3941
5638
1265
3541
6267
8979
6775
1444
7295
3040
4249
2374
3814
7222
8819
1579
6144
1616
485
6476
1995
4302
5452
5037
4328
5046
9103
142
1341
3952
3754
2789
4172
1806
3864
9048
4606
1224
5321
3904
5755
6325
3396
2233
2668
5179
6501
3450
6294
6615
1095
7250
9178
4885
1427
9026
9012
1641
8098
3727
879
1398
9154
8702
5646
9599
544
440
3618
9718
9184
1435
324
1726
1601
8400
9856
2240
5251
2617
6831
9601
5838
8851
1359
9042
3024
6884
5498
9686
6226
4552
7794
4944
7968
2764
606
5326
9645
5063
4360
2782
9067
5534
1663
3600
5461
997
2408
2436
6172
7826
8668
9022
2315
1007
4128
911
1433
9473
4495
2166
660
9147
1586
5931
3428
3351
9926
1811
5649
3348
5106
2181
3846
3350
6908
5997
6301
8712
4511
9701
952
2366
5583
1956
8578
5679
976
7476
1672
3497
2643
2613
2612
1316
130
880
5505
7066
2627
4955
4431
8770
5866
8808
1256
531
3907
2982
800
851
9307
9343
2622
3587
3179
650
9161
8615
1469
9622
9341
6369
3447
8628
450
6203
7305
2293
7936
7298
4636
5260
4000
4873
1108
9642
2407
3160
2718
363
9734
300
2888
1015
9324
1385
4265
9338
8846
5002
9085
5065
5220
1771
2862
8536
7828
9300
5667
2975
8279
375
2910
8195
4137
6347
3170
1312
7654
6667
2393
4417
1545
8749
3971
3131
6113
6164
7589
8911
4141
5348
1164
7577
2225
2841
9763
5609
520
4174
5363
8793
3668
3678
6289
8099
5566
2635
6023
395
5616
5978
6396
3626
8531
9354
7774
1836
1419
7638
9706
7223
68
2914
2631
4483
2200
4751
6354
9522
8004
4743
7611
3102
552
1449
6960
9157
3770
1813
9688
5533
2636
1893
5847
109
4168
6331
5128
7676
6919
2573
3214
8501
5542
3169
3401
2271
9185
8631
9612
4408
2472
3998
1054
438
2049
3922
5112
6390
3430
6233
9681
2460
4894
5839
4765
8084
3468
126
3443
8255
1025
6829
7885
5401
6912
2055
8426
605
3216
6936
6364
105
3553
9402
8734
4652
5030
9626
5279
3879
1475
9129
6826
1274
4201
1835
596
558
3745
1178
7440
5884
6818
5178
5775
8842
9385
7356
4690
9169
1366
1787
2695
7791
9545
6252
3003
7326
2898
1106
2003
6792
7723
8769
1639
6867
7991
155
7539
6563
8611
8981
7190
6199
1914
1490
1260
5435
4757
4676
6597
8315
8155
3776
7744
4814
230
836
4886
8479
9371
5903
2132
9457
7695
2455
4948
9213
7534
7376
8675
6212
9557
257
9551
8040
8845
8159
711
5471
8755
5385
5140
1659
1486
5305
5229
9143
6415
7335
4390
5070
3571
9400
1738
1124
4138
8026
4930
4357
4035
4752
2639
6872
7127
597
10001
8311
5160
9474
3441
4825
5974
7845
385
8552
7112
4708
2829
5208
8972
6544
1851
8907
1542
2641
2786
490
933
3078
7869
2070
216
8067
7810
1079
4028
3816
8319
8740
2775
2276
3376
6229
2040
4313
7961
7118
1683
7121
9556
5658
7930
2922
2767
645
8289
4451
383
991
407
2977
7920
2925
7315
3950
7098
734
2675
7265
636
2520
6724
3548
5998
6521
877
8257
2061
6618
727
8656
4756
4631
9144
2186
9357
7849
4809
426
6436
6650
7741
2022
6534
8636
4199
365
5783
2986
7312
35
5222
846
7000
3427
3467
7796
5620
7377
5236
1725
116
3271
5605
9746
8685
4632
2599
4088
9957
5490
1791
5591
345
6273
8726
5207
4379
1688
2773
9699
5173
8369
3328
7021
6043
3053
287
5218
6769
5137
7247
9023
5058
3330
9110
3193
3316
2088
1401
9312
5464
4161
8027
3362
1213
2010
6337
5162
7749
5403
9795
6058
3656
3657
211
9313
6266
4048
9753
8146
6034
2811
468
7449
1673
771
6422
4589
8903
5774
1294
4923
4727
9276
8142
7525
8013
4407
82
8736
9864
9796
3037
731
4486
3366
7648
2734
767
7096
2728
5880
7465
1458
9145
7767
5782
2839
4226
3635
9827
5739
5982
5716
366
4702
548
2405
4924
5366
8548
9520
6120
6484
8124
8571
8669
4832
3180
9708
2892
4971
81
3533
4528
4568
700
8733
5473
1211
6439
9992
2765
3363
3311
3300
1856
9774
7274
1550
2593
7428
740
5552
8622
3905
214
6310
5299
8803
1083
4206
2140
4827
5993
2344
8117
4587
8723
2616
5376
4440
5134
3779
834
2185
1842
103
1463
9700
2364
7169
885
5044
8094
9096
432
3191
9310
3332
2035
3127
6587
7792
1664
1495
2812
357
6865
6930
944
115
1717
3221
8809
5822
1962
240
5676
8186
813
1514
1802
3805
9232
9532
8528
8407
7907
2575
8081
4283
4742
6557
433
6690
4621
6781
398
4209
5421
2212
3357
4133
9283
4810
217
7931
1700
4406
1523
1022
6151
6487
6604
5422
2887
7925
5664
3947
9014
5991
6404
6816
2566
6681
8455
399
806
4231
994
316
4430
46
8617
1278
9965
8377
8089
4471
1507
4677
2265
2447
7689
9882
6499
4011
7413
6084
9072
7865
1129
532
5353
9126
5356
8719
2368
9726
1390
2128
8635
9172
6287
8358
2873
9614
2342
4733
1226
8420
1029
8329
6585
1772
9762
7782
3621
2224
4872
5439
9777
4496
543
3420
1037
6639
1825
3267
8050
165
5627
6140
7833
5725
2032
2427
2143
2238
5329
9921
1541
5732
4267
7561
3004
9865
9201
7805
1381
7612
6828
7053
6779
3050
330
1812
7779
4533
4173
8213
3071
6109
2169
2263
9853
8170
2578
9392
7655
9558
8670
4784
1457
9118
4945
4819
7162
519
8508
1395
4853
2647
9881
2661
9329
3096
8137
6127
768
8868
2833
152
9139
9337
1289
1026
9814
8172
6175
1630
2330
1350
3975
9904
9861
8764
2885
5291
8331
7942
7816
2933
4293
8302
6272
8376
7495
7243
7185
4400
2311
4122
7249
2583
527
6169
8657
279
3073
6730
7270
8677
7879
643
9783
6630
3543
7314
9245
2785
1755
7670
7574
7196
632
2448
828
484
7509
9839
9389
592
8402
9351
7255
236
5579
3710
2239
1310
7586
3114
7306
1661
2945
2849
170
7126
2845
2262
8442
7992
6257
7065
8340
7876
9917
6121
196
2253
2580
7446
3649
7903
9040
7502
7661
9970
7084
187
3045
34
2874
6859
7565
535
5810
9993
5510
3306
239
3800
9843
667
7358
2395
9609
5330
1066
3277
1922
9756
9875
8751
1911
2547
557
5239
8512
4200
2929
4666
1372
6771
6707
5095
9250
5368
6789
6371
962
8210
3038
685
1775
5079
6598
9693
5756
7732
280
8630
3341
5466
7423
4887
2307
9127
9782
8891
9807
1936
2241
9010
1465
7176
8509
8795
9893
2201
390
41
7628
194
2338
2813
6081
9115
8344
794
9541
5161
3286
8290
4482
2804
1369
1243
2469
3329
876
3927
5671
8387
4385
4095
166
3857
4410
6805
9006
6046
4053
4469
8761
3251
8293
4564
7524
7427
171
926
6509
2468
1415
7576
4859
615
2501
4104
5274
2454
219
5777
8258
7696
9269
4380
9171
2387
3404
8228
514
4118
16
8342
3084
8838
3948
1592
443
3360
9660
9938
6932
3812
4542
4768
9604
3294
1346
2538
3860
1123
5897
2474
349
4764
9240
5581
2433
8336
3027
1290
2347
3990
1090
9205
2759
2036
3162
4136
9911
699
6467
5100
5171
2727
9586
1138
9518
9584
7350
7408
8140
1608
5328
6844
790
3955
2046
2432
2950
1214
9800
7824
1023
5493
7269
4448
2687
5103
9748
1584
3052
40
7030
6313
1677
5417
2162
2400
8489
5024
2383
4255
3123
6063
2721
8161
2794
248
2587
5465
403
1305
7832
4583
3712
1729
476
384
8940
1067
2099
9684
8692
4219
4517
372
8116
8502
6546
2352
9651
9405
600
4442
1985
6957
5289
5749
8511
5475
7155
8992
1763
2729
1840
6097
9148
3314
3868
5048
1620
1042
3283
8080
2710
5545
8858
3801
1111
9101
6560
8991
7039
675
1041
651
7519
662
8120
7496
1306
5524
6074
5689
8487
1474
4318
922
5672
1336
2210
8495
2906
6813
9080
3470
9016
4087
6825
6677
6549
1805
4058
5898
8910
5250
7804
8602
7463
9393
2155
3744
502
6126
2141
5019
244
7895
8466
8422
2649
4059
2332
2482
1036
913
2737
2287
6613
7445
539
3782
9663
3389
9116
4115
6922
8698
6926
5855
6148
8223
7385
8707
7964
8600
9665
9948
2290
8939
9503
9079
2478
7032
3253
7373
5382
235
3403
7166
2362
7422
5571
5663
5056
826
5753
569
7939
1735
5456
898
5949
2895
7780
6461
5551
2983
4433
2438
7022
9785
3495
842
5147
9483
6731
1643
4472
2234
4449
4126
1173
8863
1291
5051
3886
3237
3842
5499
7963
9391
3844
6956
3062
4184
9595
1974
2971
9298
5943
3298
9331
2779
1539
2217
9870
2321
5674
3079
7811
3442
5818
8190
479
8789
3596
4085
5528
541
5129
2322
233
8264
9069
327
7916
7347
7489
4684
4889
6641
8440
8085
1662
5272
9851
1203
9627
6009
51
6568
2484
6526
888
7510
3280
1251
4909
5249
5041
5999
3434
5156
8606
5979
8202
7807
7217
9414
8131
5895
6015
7542
157
3380
9015
1845
38
4336
7946
1647
7221
2303
652
9644
5508
5785
6270
9646
5530
24
8150
7808
6118
996
7627
2981
3877
1171
8741
4021
1259
3081
9999
900
2604
3296
7198
2481
1484
7707
8075
9566
4906
4845
3243
9510
7754
9203
2403
6475
180
3135
8224
8157
2421
549
9417
8640
6265
6737
1297
292
7619
4146
6246
2414
8515
9151
1890
1606
4559
1411
3508
3051
9683
9883
8802
7669
883
1901
9138
3181
9845
2242
6382
6064
6462
6599
5244
1087
7292
4258
278
9954
7405
7400
2404
212
3178
3994
915
4373
7301
6308
6011
8832
2557
2597
5611
1877
789
2656
218
9043
5773
3778
6115
1338
5639
2292
1272
8145
5440
456
8361
8180
9083
8242
2797
8750
3025
2177
5463
5084
6279
8122
6155
5656
7734
1286
1888
7990
4900
4076
2019
526
1407
173
3270
8020
3290
9500
4896
465
9884
8953
3033
7908
2650
9728
9562
682
1521
2837
5953
9305
7325
43
4093
8849
3821
8164
225
729
1912
7785
6555
8807
6361
4177
1987
9745
4230
8133
9587
8710
6883
7391
1198
1345
6655
7788
9346
5107
9779
3301
9553
8568
1358
9028
2896
1874
945
3822
9274
9725
1780
3205
6751
8114
8214
2923
9349
4081
1113
1227
9175
104
268
5769
3929
5209
5743
4444
5099
4576
1280
7899
4740
2101
1245
5458
1625
5033
3705
1059
6000
9897
9464
4478
8082
7540
8567
3075
6979
1158
3628
8404
185
1543
8173
7414
2715
3312
808
6107
4428
8350
3344
227
1014
901
1387
3083
4940
9459
7793
2014
458
6888
7701
7644
920
9871
7375
5598
7015
7280
8019
9978
4237
243
317
8008
7130
9061
6542
7737
6368
7390
6410
4705
3667
460
30
3501
6154
7892
8839
2963
3167
1107
1589
97
6398
4791
5877
7592
8959
9603
9062
4920
9694
5233
7064
9363
8093
5232
9468
1748
3875
1741
341
7613
5662
4698
474
2968
1307
3217
6232
7560
1536
1973
9943
5594
8362
7333
1424
4526
8310
8062
6280
9033
9524
2193
1266
1177
2277
6332
4057
3224
6400
3407
6240
3889
5899
2437
6806
8988
179
4892
5864
7927
8794
6316
4660
941
8266
4158
5529
4993
4386
7257
205
6914
5701
9193
6581
203
3914
7254
3634
7825
4388
2029
8070
6466
4381
7603
9611
9027
7484
7610
4563
7999
2391
5578
4772
6234
6488
6817
7545
6881
5992
2126
674
5712
7547
8470
6768
2768
1270
9924
9384
1185
8575
461
3755
2138
9236
2195
1018
9927
723
2131
8608
872
503
5933
5913
36
73
959
9254
2204
2582
7596
9894
2944
9137
163
1093
3544
917
3706
967
6720
7300
1939
3560
1404
3244
2677
7582
2013
6662
328
728
3165
4352
6418
4811
1906
1146
9135
3954
3291
7158
2266
3936
5474
1929
6944
5295
1011
9091
195
7821
6958
553
6701
93
6460
4663
1615
1935
477
57
6448
7113
6664
7454
6582
4973
8458
577
2159
1195
2256
9401
4049
2356
1581
9095
6133
9772
8097
3449
2056
4018
3082
4120
9631
6185
1503
1125
4481
2349
6068
2077
4397
3977
3567
8250
9368
3972
5092
5205
1479
5023
8532
950
4170
6416
1875
8867
6190
9702
9778
2123
4927
3480
7751
694
817
6822
31
6621
397
1165
1566
1439
9212
9465
887
3672
2470
1099
2410
738
71
2521
2558
6129
3500
7709
5747
3651
4960
1284
8876
785
6649
6962
907
7771
7041
9502
5862
5445
9889
9441
8747
67
6282
6244
9304
7660
8222
5549
1292
6734
6666
1605
459
2269
4858
679
6214
1622
6412
998
9365
1061
7971
779
1554
8550
4061
7512
5835
2295
4950
8299
4193
8169
6765
6357
3377
7135
981
8144
5652
2182
2121
5031
7533
6778
6721
3118
5669
5185
9120
6491
5719
8044
5760
889
20
353
7417
3757
932
2665
963
2576
9594
8523
9951
2065
321
6535
3578
374
2104
2637
9025
1676
1885
6099
7240
2444
8357
1948
3504
3203
7665
2998
7458
3861
7490
508
3758
9680
6322
815
1498
7656
2215
2312
849
8597
5710
5462
7617
2588
7200
3953
8405
3847
5410
5824
5506
6836
1060
9806
5928
5269
9094
4395
3726
8
8184
8406
9863
8282
6077
283
6013
1104
251
6551
7678
4424
8771
8102
8909
1331
9409
5767
1991
7909
213
5720
2475
9516
8199
4350
9949
2500
7278
9125
5275
6593
8034
644
504
1667
5752
3087
3424
4026
3399
7694
9308
5454
6878
1969
1578
6449
5306
8492
1816
5438
7588
2770
3517
6278
5619
8287
4147
9751
6458
3068
307
4418
6192
4505
2987
8197
3579
3174
5124
7975
3597
6360
3858
3884
9221
3867
3066
3063
7683
1963
8964
9635
8187
2541
1094
507
3682
1096
2585
2778
2532
2247
9692
8748
4686
4171
3299
5424
2774
9330
4907
2275
3795
9122
1855
400
5876
3095
5918
8348
7057
4421
7175
2135
4843
5238
3273
9661
2722
780
1063
4169
609
2282
4437
335
4256
2171
5516
2847
5787
5977
787
5817
164
2720
2184
1852
9858
2531
3431
8937
8506
7451
6964
6797
4019
5779
1051
1440
4804
7982
2053
5737
3405
5920
7399
3455
5183
3074
222
7123
4368
839
3707
9873
3120
5370
7795
9455
9719
252
2076
5887
3281
5047
8201
3831
2958
5891
6796
8435
4831
4817
513
4585
7261
1745
5826
5987
6414
2630
7571
2969
6019
402
2658
4094
1055
5294
4728
25
8419
3869
2314
3562
2514
4242
7557
7740
3514
3338
4190
6929
4353
625
5557
9963
3546
9872
5923
832
8262
297
1242
3933
1172
5595
4491
4366
5930
2146
4908
8031
795
7997
9511
4869
498
2995
1990
8572
7367
1509
3122
8982
8943
801
4635
2831
2041
635
743
5608
2591
42
1977
6670
7877
396
6754
8921
332
3903
4833
9662
7748
8782
3554
9423
551
4573
5644
7117
6330
9812
3042
6067
2530
1116
3086
5223
4779
7110
1670
5906
8076
7711
4937
8356
2424
1019
483
4375
4581
5189
7572
262
3185
7299
8588
6827
9727
8490
6258
9071
8483
7028
6673
2206
6215
3980
2419
8787
2316
2054
3717
429
8722
4777
5479
7231
6112
5910
1262
4656
5836
3017
9241
1529
9170
7969
6362
9469
8720
4855
8618
8556
6314
5512
3099
160
4429
8160
8106
5088
9577
4936
1368
8822
445
5695
1693
6646
2872
7156
6777
6999
3584
9559
9731
9666
8841
2897
8463
2938
2709
306
7957
9544
4131
56
4604
1118
7944
9723
9988
6785
7340
4188
7191
8998
7580
4317
5314
827
9366
8091
313
6715
8139
70
334
6992
3117
5480
706
264
9939
4295
2133
1477
4857
9560
4519
9238
8403
348
3125
1917
5441
4392
4577
3829
1826
9759
8385
8591
8359
2280
3144
6525
1817
3110
8049
6862
7005
2386
6759
3912
2072
9005
9966
5697
3266
684
904
6846
2464
9100
6870
7348
6284
8746
8559
8950
3982
3132
613
3888
1882
6245
6966
193
2082
5495
3535
267
406
2561
2719
7159
9877
9513
4396
360
3129
174
6106
4182
1866
2084
6820
3806
5713
2222
4964
3200
3630
3313
9588
4412
1981
123
2080
1903
653
4550
2499
542
3489
6208
8063
5688
8431
3999
3781
3542
2353
8156
2902
7974
9182
1795
5387
4051
1850
7068
7114
5402
4463
4416
7506
6005
5184
5665
454
1370
315
5018
8391
2087
2574
9799
4105
7700
6315
4582
8887
9225
6307
2096
2884
7067
7331
5843
2299
5252
5831
5956
7600
1778
9099
3624
8436
6596
8427
8881
8297
8118
8555
1694
2513
3828
7867
6146
3885
5856
5995
9406
2515
5282
2594
9538
1760
1896
3523
4499
8772
8309
1703
6101
6344
7642
2260
2401
1933
5091
925
2899
1800
9031
4092
8417
3932
2960
3043
4197
4066
8467
4183
7392
6901
346
6858
4143
3485
7987
464
3716
3289
5519
7836
5040
2228
9188
9982
2190
7548
6504
6857
6425
4487
6787
2761
117
7209
3335
1754
298
8874
94
2179
4987
1285
3016
5840
7850
6713
6866
1784
208
4284
6242
7014
1445
5300
6548
8345
9291
757
4801
5543
3911
6150
6397
6141
3031
6283
3397
2272
919
7922
7945
3559
2592
8626
3111
7061
3506
8777
5302
7211
3786
2100
3439
2621
8454
8830
1905
8922
6934
975
9691
7599
9418
8730
3590
3387
6993
7871
7763
6726
8800
6261
1482
6783
1446
9493
6045
3739
2939
5761
2700
2994
74
882
9342
6899
8902
2502
4867
7146
209
2412
9798
4123
3813
4097
3223
5940
1208
2711
935
9292
658
6758
7154
4072
5994
1031
598
9380
5168
9668
7102
3445
2626
1355
3315
974
1801
9226
4999
803
3284
5310
7437
8701
2418
9428
3853
1277
4124
4099
3683
7722
5337
4224
5150
5298
7970
6918
9846
2487
2852
8616
3005
5536
3196
9356
1344
1151
39
9179
9910
9931
9813
497
8381
9834
2932
6625
5186
8274
4248
8433
7480
6636
3997
4720
5892
6440
6981
2062
7351
3046
7912
2156
2302
2194
6486
9918
8215
2579
1320
7119
3395
6042
3233
4781
6303
1619
3771
4402
7777
9214
3931
5011
1644
58
8382
5750
7220
2894
3346
4091
1163
4014
3695
6672
7141
7666
9081
5518
3856
7379
3603
6815
8695
5941
7132
5678
9142
6738
8700
2422
1431
761
1727
8363
2961
9218
6049
831
8861
4980
9353
4167
6773
2119
4760
7960
3056
7727
5327
8904
6291
7733
3304
5378
1506
2127
7129
455
343
9358
4646
1626
305
9786
1024
8853
5553
8238
3496
1166
5832
6611
338
1815
9411
4654
4191
9098
9862
2144
8815
6250
9994
6811
884
2713
2139
2596
1943
8758
5546
77
9233
8064
1783
1417
6426
2690
2553
7268
5757
3471
2965
7471
8655
3895
6326
8271
3204
1264
4017
2473
7258
3146
1483
5686
5332
5814
3823
1535
2340
3866
1996
6974
838
7319
8249
6463
5364
4527
9361
1992
9376
5400
5935
9829
8824
8332
659
2522
1680
7977
4129
5893
6941
2824
555
6401
7705
4358
8974
2268
7697
678
7426
8347
1631
3109
2398
9977
912
8679
717
4806
6450
835
9316
9277
3491
6276
8446
8897
2220
6070
9060
6515
6057
1480
993
2154
7721
247
1183
7160
1206
7663
8220
151
452
902
9930
7470
409
1887
114
76
2679
6709
253
6059
4391
4002
6703
2667
5375
8820
5416
7554
2060
6029
6589
9526
6637
299
4127
8673
6882
5451
3989
5989
5585
5894
9461
7467
2607
5004
6094
2602
7590
6533
7688
3288
295
9289
9231
820
1583
7799
3047
9412
4693
4706
8825
931
3197
567
5170
1416
4588
6493
9360
894
3873
6855
755
3767
6915
9824
5357
2370
2854
3704
2817
135
7310
9086
4982
5615
5565
481
6774
8879
7229
2426
8272
1808
7277
6163
1311
627
4264
7036
608
8860
4524
9408
7523
5167
7770
9687
5596
7163
1261
3736
4938
2286
3835
7262
4512
6523
4767
6238
6304
3418
5245
9679
9501
1534
5166
7239
435
5078
8030
5951
6742
5215
580
3585
242
2165
5118
5804
677
9427
3143
8823
4844
2731
3625
6217
241
6848
5645
2564
1485
8430
4812
1258
8958
486
5491
7359
1378
8339
6182
437
4460
9919
8518
7893
1807
9373
6890
4590
9832
2518
192
3172
518
4361
844
7151
7989
8817
5715
9657
6211
6223
1349
5740
6353
1409
5141
3410
2523
2869
7566
1686
2904
2517
11
7425
7147
7802
2198
1384
2170
5825
3920
8924
3238
8045
9009
7511
7140
7171
7148
3067
6016
9186
7311
4754
8327
748
3359
8393
9344
5334
1777
2747
6823
1347
4117
1598
2820
9969
2289
4926
3325
1702
9950
1160
1233
2423
9961
5692
9000
7012
7033
5201
7473
811
4618
3437
4586
9059
6541
2493
3054
1330
5947
524
1376
4477
4762
4755
853
9698
3505
3611
8725
5270
1650
4570
9104
6274
5932
583
6263
6675
2000
3638
7078
3476
924
4852
2058
4951
7947
5584
9780
8557
5231
4529
4157
9262
9089
3029
4820
6047
5347
7993
5200
9381
5568
7559
5587
7842
8079
8530
6894
7504
6528
8949
478
2569
7362
6269
5304
7182
6808
4874
7308
4040
7133
3423
3697
8375
1547
7009
3124
9555
6082
3020
3961
9449
8666
7177
3637
2926
5039
8119
427
1282
9984
2458
5365
3367
6004
1436
750
4354
2771
4548
6142
5514
5520
4952
4818
6085
147
4055
430
4780
6653
689
337
579
5388
9082
7883
4617
745
5921
4479
6519
9050
416
2449
6644
6021
6405
9386
2818
7226
4304
3411
8899
2149
9458
1267
2406
4153
2278
2506
5684
2577
9521
3811
7624
9285
489
4194
7966
84
1078
7713
8757
49
2462
3156
916
4419
6683
2935
5354
9495
3488
1351
5003
9114
168
3696
7789
9362
8829
8629
7868
4052
1246
8704
4299
8889
6577
5970
7852
2671
9470
7124
1965
3913
5586
63
33
1001
2249
2129
3462
4815
6370
7703
7431
8634
8688
3573
4034
7718
6093
5359
282
8880
178
9492
3964
4296
5187
1162
122
9052
2848
6437
3492
4154
5540
2137
2440
1252
929
3892
1396
8637
6470
2110
127
5803
6386
8965
2861
2542
9223
9478
5980
1830
8997
8318
4911
301
687
7875
5197
2870
470
8560
5331
2724
4342
1947
3715
8605
8373
2652
9433
673
6088
8667
5820
3215
7237
3384
3189
3979
2871
1758
1553
9902
229
3310
6628
9325
2305
9650
373
8895
2244
5020
488
2319
6338
793
1442
8244
7179
5126
704
6091
8687
2685
3381
8624
3048
8975
895
7601
10000
4186
7447
4232
6735
5181
980
9607
3713
3435
2331
4830
4638
2320
9294
234
3836
3774
3134
6706
1403
3293
1883
4228
197
2030
4223
182
9063
6572
9415
3824
1960
2796
6976
2163
7765
3343
8658
5060
7924
810
7567
7620
3653
9509
3629
6249
7897
23
1016
3916
1119
5116
6951
4393
6868
382
3688
8843
1967
9916
1820
5311
1513
9244
3098
8580
3382
9183
1027
1716
7834
9479
736
8674
4181
423
6524
1293
1613
1684
8444
8831
4240
9830
2548
908
9552
1380
7344
1734
2692
8015
1952
1342
6559
8352
1056
6218
7541
5612
8545
7101
3507
1570
9672
7081
266
9447
1701
3140
6083
172
6478
3564
1032
2232
5381
1751
2327
3749
7686
9564
7910
5726
6051
3891
2172
4775
4939
7323
2373
6319
7072
5577
6938
8966
8760
9419
9715
5622
6342
2598
7633
1528
3937
5263
9065
4347
1139
1961
8837
4709
6130
2676
5202
4620
6170
8890
9253
5427
6498
9102
7739
293
672
7172
8766
1489
5076
983
5556
6105
8735
4364
7516
9711
6111
7272
2842
4919
1611
954
5790
2772
756
8525
9805
1327
4736
5096
8410
9964
1827
529
9619
3643
6627
9187
3899
8742
1220
89
2064
7698
6714
6413
3000
1723
6702
979
3580
8884
5802
3604
6384
2973
7521
8852
1040
9334
7371
9923
2189
6017
8498
9369
5434
9068
9242
4277
5513
9952
250
1552
102
9760
6236
6833
4692
8296
1537
6022
5927
8908
2451
7717
7401
2996
4344
4288
5203
201
5955
9836
3372
3850
6561
9823
5034
4083
7245
2762
2079
2486
2106
7149
2236
9195
5102
9739
5317
3785
2430
3261
7109
8301
722
5537
7366
5623
9898
263
1429
6104
7077
336
6895
85
9590
5394
5455
9450
7662
4991
2051
5694
5588
1628
1048
7035
4356
8942
2175
6139
8484
8245
8671
7045
5482
8236
769
6680
6631
9852
1145
2323
8583
4704
3946
4189
6529
1567
5090
2457
6473
1046
8179
9876
1656
2274
9167
2257
6887
2646
7911
2525
2382
1462
5722
4307
1112
3737
462
5852
4185
3698
6166
3759
5842
2490
9971
1192
1782
7088
3673
1854
5214
3416
2732
7462
4776
3583
1142
2365
4619
556
190
4731
8023
5793
7978
2850
3345
9793
566
5990
1706
1472
158
8295
9444
2879
2563
1004
111
8230
8553
2666
1478
1546
7786
9838
2027
3529
4931
7139
5
7276
6006
5996
4794
3157
7898
8542
2098
8546
8682
987
8952
7450
3645
6590
873
6293
3944
5049
9150
1399
2526
4522
939
7954
7244
249
5290
6712
9920
6135
647
6069
6510
7691
7712
2381
405
5797
4984
724
1531
2491
4443
2009
1942
3002
5912
8784
2429
2920
5069
620
721
937
2822
3874
5377
9180
7194
8596
448
1150
7287
6801
764
9301
9578
446
4217
720
7120
6239
2142
3141
417
4868
156
9278
8411
2068
2510
517
5414
1970
5833
9676
9387
3307
7882
3557
9616
6970
5602
2603
9784
6256
829
4010
2838
352
6760
1100
7578
6725
3967
9266
7659
702
9816
8814
2655
12
6916
9835
9859
9769
7973
8893
3848
1841
3032
4778
3582
148
7011
5521
5582
8379
5699
9928
3142
4786
2425
8995
8745
616
6842
5630
3242
3026
2152
4438
2057
8154
4494
1928
7424
7965
1713
7956
8788
8002
730
591
378
9890
2187
3358
1714
5936
6540
1857
2363
8429
7760
4359
8967
852
2357
1228
7228
5319
5313
9809
3119
3136
7831
3166
9554
3279
2390
3659
570
9818
272
9476
9936
6380
3323
9008
3402
1137
9445
9112
7752
2766
1980
2191
3361
6221
1728
5389
9044
1863
10002
4719
9452
5759
8346
8989
133
4327
6225
3802
5198
2111
3433
5984
1181
1006
8690
5307
4766
5934
9825
8108
1510
1470
8756
6423
393
7003
8869
5261
709
7361
5138
2160
9268
428
2037
7595
5798
3494
1038
4592
1141
6035
686
2552
8933
1792
4349
5962
6346
807
8927
8610
8039
3615
9030
7485
2800
7474
9382
3783
1191
8894
1889
1225
4218
3898
6657
6853
8585
5163
4580
9413
7438
770
8601
9741
4553
1624
4446
6743
5938
4734
5292
2924
7486
6802
5468
1324
8930
3175
6296
6176
9220
9058
6200
6358
4916
8218
5770
2954
6254
3773
7368
5729
1502
6131
5485
9621
1102
1533
5961
9905
7336
9896
5535
5258
6645
8976
7079
7488
3499
9955
4569
7881
1871
7275
8212
8620
1168
2688
772
8284
5325
9844
255
3988
2298
7702
8001
6482
1865
2802
7720
5613
2792
1115
3797
7383
6810
9494
6508
6933
3798
655
4790
8535
7187
8827
9177
7693
5738
7929
2536
7704
3807
6925
7941
1886
1576
5837
9826
2420
9529
3400
3065
8743
1674
6602
7264
4452
2371
7013
4839
2744
2074
8280
6600
3731
1170
6965
8603
4311
8480
6012
4501
4837
9073
6507
1414
4108
4848
8871
2351
2467
8113
3740
6584
9990
9685
8441
5626
3089
7052
9472
4824
7587
3105
7339
4598
3374
9439
7329
1750
9596
9066
1441
2746
2324
6100
6803
8464
3432
5204
1666
2503
6186
112
9456
2754
6892
4077
9041
1461
4601
4934
3803
237
9837
9424
8786
2707
2109
3049
8326
7812
3218
2853
5448
8986
5045
2348
8449
9207
4544
4036
207
1944
3058
4001
9854
1709
2562
1819
1685
859
5206
4703
7023
4272
4022
7091
1520
1565
6698
2543
3983
8317
1308
958
3202
3839
9959
5343
8320
3171
3519
1638
8614
6761
1279
5264
9032
4670
9113
131
2445
6579
4633
5904
1599
6402
4661
6158
3532
2463
5057
7016
5624
411
1847
5430
6567
2048
3784
6513
7787
4111
5969
3394
1587
8334
6629
6953
934
7178
1978
320
5925
8970
5253
3652
6552
4565
1069
3365
2325
7951
7985
2045
7208
8584
7829
3021
5067
2102
4626
1064
5182
8052
9568
2059
2930
3150
2379
6320
2568
7860
6138
7800
8594
1945
3368
6744
7019
4890
603
4180
5723
8103
7848
3154
8987
7650
6987
9880
150
2921
1205
6741
7131
1354
7263
1740
4560
4947
9998
865
8828
1074
7170
1302
2270
7598
1574
223
7790
1895
1561
1400
590
6469
472
8251
2642
4435
1846
5338
7934
843
5398
7303
3925
4836
4883
7797
1697
3436
5405
1013
1263
8024
2595
3444
622
5489
3709
9914
568
1333
9471
1591
1931
6991
442
1459
7238
7093
1681
1496
7820
5006
3633
118
3646
9397
4681
1076
4464
4341
6037
6302
8683
6654
410
3034
9703
3793
6075
3748
4140
8573
7498
7626
5470
1207
6087
8192
7047
1660
7640
2477
5696
3386
6457
3008
6937
5657
7183
4759
6433
2465
1669
8534
992
6281
7236
1975
2197
4972
3537
1073
2285
5554
9320
6116
5691
1869
8423
1742
4902
3799
159
881
782
6079
4075
8115
7745
2300
8915
9658
226
7764
4067
6095
1834
2832
4132
2959
4933
5621
7726
5881
8457
7902
511
4771
8100
1747
5340
1621
3426
4394
8926
2255
2174
2411
5907
3832
8524
7594
4697
9996
5872
140
1989
3030
500
5350
741
8462
594
2560
7199
8447
3408
4613
1287
6285
4851
7290
2397
6745
1114
3460
6718
2442
9664
8014
676
7342
4238
8754
3060
1736
9641
788
6711
8529
8856
4556
8834
4064
7455
4497
1596
65
9481
8886
329
6902
5059
9592
6880
340
6545
1984
4998
3352
4144
8196
7167
3648
8885
8107
8219
2913
5946
710
690
8840
3479
1988
7328
1247
7349
1549
9448
9740
3694
1526
7935
9280
2450
8231
6003
5052
8919
2723
5125
773
5573
8485
8389
9451
5643
1731
576
2443
9653
2005
1762
5772
9390
8460
1488
9051
5706
3080
4840
2112
6336
2537
6071
1614
3984
7673
5683
9659
6241
6728
7657
7818
5089
7631
5690
6268
4792
9643
2545
309
4516
1237
8415
7001
2494
9617
3699
5237
7259
3973
6620
2611
4823
9355
444
6860
7206
7060
6971
4475
9847
5355
8149
496
4032
4547
7346
2726
7481
8292
2001
1250
1175
4795
2512
3987
3265
4745
5027
188
1082
9162
8263
9744
8365
8325
2634
5384
8697
5483
9973
4572
5593
9548
3534
7086
5800
4787
1408
4005
7917
6036
8256
7953
781
8247
5714
5503
3940
1238
8639
5515
404
3199
1838
796
6647
6194
7773
5071
1635
7317
2066
1231
4054
6699
1982
3287
4879
5256
3991
9200
2519
6755
2283
5805
897
628
4629
447
4461
2619
9670
3581
6299
6235
96
9153
3871
5196
5762
6417
4250
5159
5981
137
9111
3161
2819
9105
1590
4303
4648
5297
9084
9128
60
4151
1363
5418
1468
5811
8343
2226
66
1932
290
4062
6939
3128
4454
1898
6691
7762
7527
4540
9251
3524
1322
1915
3263
1218
4241
5677
9485
1504
3996
1927
5345
9655
7949
2350
2680
1904
8527
8752
6204
8087
7552
1437
8877
2989
638
8778
6686
2173
7090
8367
7616
2375
7460
8374
6640
5844
3440
9582
6967
9288
8699
611
8324
2753
4813
8341
8312
2384
8465
3106
4655
1823
6619
988
5386
9039
6306
4489
8472
1153
1268
6520
9987
8401
2078
7234
7161
7252
6847
1197
648
5333
5685
3900
7507
2758
8586
3429
5169
8333
6052
1512
7505
6838
2511
7839
9543
8074
2188
5077
5199
1421
4796
9639
6693
4856
5963
3190
9267
9136
4178
2919
4164
7374
7684
27
3258
5808
7332
6935
5791
2115
7932
1540
708
860
9535
9654
2372
3353
4279
9606
4989
4043
1276
2178
1690
6474
5736
1682
9264
6174
6317
3788
2229
6920
184
8759
9299
3817
696
9257
4030
6626
4847
8424
7094
9506
587
9781
4221
896
3525
4649
4884
9960
5641
1678
4165
4462
1422
1766
2701
3555
3943
119
8811
6564
5983
9047
347
7757
7873
9946
5661
7514
1618
6010
8418
9247
8619
408
7205
274
4530
3371
3041
4003
9410
6406
4287
5637
9855
1314
15
8012
8582
7309
9649
3248
2164
4600
3887
8801
7407
8183
1837
254
1180
855
2997
6098
5909
2893
7581
6517
703
7010
6399
5443
3751
1418
5000
5878
3690
3209
7629
6909
7472
4710
6471
1098
6852
7622
4106
491
1434
9437
2881
161
8491
9891
6329
3378
8912
3463
5444
9636
1196
2962
7273
4252
6165
5486
9034
3968
8132
4214
5283
1298
6586
6695
8547
1499
3220
3614
5015
8037
6543
5860
3890
1135
5413
4758
3644
9284
819
3609
8647
2864
7116
322
333
1140
3730
4112
1645
5541
7755
9630
3061
1438
4799
6762
1508
9869
2877
2742
1572
3995
3640
8684
7556
1744
5544
9925
1880
4672
1881
4458
434
4808
8779
2380
7318
3949
4953
3064
350
1699
737
1039
2343
744
5597
9752
4427
5502
905
7180
2941
6341
8109
2670
7499
1
91
4110
7043
5341
6570
666
9995
739
3662
9491
3985
6464
4426
3870
805
4683
7979
3679
6710
3259
8007
6837
2912
2480
799
8543
108
1081
1128
6066
7602
6090
4371
7125
1544
4865
4474
8783
8147
2614
6856
6485
4712
6961
4179
6786
8727
561
9625
1720
8452
5567
4899
3619
4679
8128
665
8929
5758
7415
9620
7224
6569
2339
5580
3250
8938
9297
3509
521
5525
101
7537
7536
473
7316
9860
4377
9519
8328
9176
1913
7031
5296
6195
3256
5555
712
8477
326
2304
8574
311
6697
3970
3182
4680
6080
4473
1768
9640
3072
3234
4545
9087
7652
7134
7938
6790
4290
4647
4595
6123
5115
3570
9716
2736
3482
296
5857
4575
3612
9981
9709
14
2615
1575
1052
4027
4162
4300
8298
5280
4506
7863
7444
9754
3464
53
6324
9484
120
4744
7853
3466
9638
7025
8135
9932
7575
984
6986
6841
9789
7841
7406
6230
7621
2949
8493
7546
7573
9395
3780
449
6187
9321
5225
5224
5373
1337
2485
9953
9907
8737
1367
3262
9842
2976
845
2673
6682
3965
2868
3852
10
8728
5216
8541
3116
47
3566
7056
5097
9514
8526
942
1538
2252
5632
4275
1559
2855
22
7593
4080
9618
2369
4229
138
2947
2908
6305
1109
1612
4245
5882
9166
9224
6580
1375
8797
4822
7219
7189
6678
7851
8990
7555
2860
1152
534
9615
2540
8217
7157
8718
167
8774
9804
5093
2738
2735
6612
4116
2528
2360
1557
6770
4622
3184
3177
7492
8072
2254
4222
5711
319
176
6897
3451
8791
6312
6328
2378
2662
44
6124
7404
582
9239
6253
2992
4321
3703
5500
2816
4467
1918
7813
3173
1876
9537
1698
3796
6917
3422
7412
5352
5668
5942
5816
9049
1810
7815
9628
2337
4457
9323
1430
584
6694
6814
3840
1190
1464
7615
3845
1671
2551
394
6903
4401
3939
3684
3133
7568
3746
4023
4724
1899
4525
1466
9915
4343
5827
4675
1941
110
7341
4215
4152
4834
4376
6420
2092
3278
3593
9092
8804
8246
7553
1075
9803
8595
3574
271
9937
3550
5660
4337
3094
4949
3876
9523
5727
1133
669
7381
5735
8790
1803
646
9776
2956
2940
6184
9431
4612
6968
4671
5083
6465
6983
9070
7888
823
7246
5397
9707
7294
9208
5075
9956
8130
2117
2990
589
5336
1148
2028
7747
1339
9348
134
7606
5768
862
9979
3974
2763
1831
7759
6643
6334
6171
7983
5765
8651
4234
4578
5273
9029
5257
9303
2090
1382
7950
4436
4897
3576
762
8638
285
4434
4239
4243
3863
6076
8836
7029
9528
6286
4685
2071
6896
3513
8469
177
8275
8174
4155
7651
4782
5569
7986
9724
7286
8780
7972
2130
8216
9908
4996
5367
8581
2231
6030
3818
7645
837
6799
1665
7203
5406
8653
1524
5425
7235
6207
1269
1126
8763
5136
1058
8818
938
765
850
8709
4838
3331
6153
9736
1147
5408
5285
5008
7410
2248
774
5944
9962
8956
5188
3702
6228
5957
6385
8308
8872
8632
3563
9808
7106
3465
6445
1623
1522
3522
2827
4042
4769
6913
6798
4997
4543
4732
7858
9572
3158
5286
802
4567
4716
2227
5318
7643
3292
9574
4674
9227
6809
4192
7518
9530
7710
2805
5487
3255
5781
2623
1908
4024
2830
8932
3670
5241
4877
9442
1710
6321
1230
4480
1564
8177
4870
2094
9255
3595
2207
1525
2571
7137
6573
3207
6591
718
3518
1318
9108
3375
6025
1187
4423
5561
7293
4668
5659
9359
6393
4060
6850
784
6984
7862
1551
9287
1275
5859
7038
7253
8304
6910
344
4611
4557
5771
2550
4409
2743
7746
7464
2703
7144
1993
1182
7887
1491
2004
8243
4468
7716
9849
6110
4912
9309
3588
4904
8259
8286
392
1179
1737
2978
654
7958
1753
6574
9576
3438
1248
918
1188
55
1497
5885
6202
3641
6638
9078
3007
3617
3459
5446
8153
5054
6480
4056
1571
4881
3475
5123
6340
284
5145
3556
3636
4903
1394
2120
191
3924
4741
3794
536
6606
3264
1872
5308
3201
7256
4992
5572
6377
6874
9675
8478
5841
8225
2916
8589
8664
69
6876
6290
1679
1607
8564
8165
6969
4628
1050
1951
7699
9497
8513
2296
8951
8980
4271
4707
4050
4089
3101
4276
5016
1864
683
4289
3340
8593
2654
5165
7143
7591
1315
3176
2589
7212
4195
713
6495
8046
8372
1711
5469
8006
3632
7024
960
8984
7772
670
5812
475
5467
8303
2168
8905
8627
5101
5315
3775
5073
3419
3516
6231
1724
1501
9017
6575
5074
8882
6565
1476
2136
9347
1244
4096
1000
2549
692
4257
1867
8138
3902
6387
5447
2546
3591
9248
2876
2659
9967
2846
7915
9275
2706
9991
4134
1453
7432
753
664
970
4895
4476
6949
2725
7776
9866
6014
5010
5151
798
3711
3854
1861
930
441
4466
4591
1627
9109
7854
6839
1295
5349
4079
4453
5316
6547
9848
9222
6594
7320
716
8993
4119
1637
7768
6538
145
281
825
3406
968
8468
8338
8520
220
1494
719
9947
4510
9673
8798
7884
4532
545
5143
4450
5908
4031
9935
6946
6489
4004
3752
6008
1997
5293
9339
7658
303
1365
5158
9035
2441
1804
6997
1288
8906
4207
1193
95
5625
1317
7313
3742
626
3317
183
7891
6456
9773
6392
7225
8181
2645
6732
9326
5288
9036
4976
6988
8901
7069
9140
3620
8641
3915
657
9281
3747
2243
6536
9527
5014
7322
1897
5734
3228
1733
5488
4326
7232
4160
354
1391
5633
7433
7279
1097
6411
6834
5477
371
9487
2031
4958
1923
6454
1519
2507
5967
1655
3309
8516
1232
1843
2011
7904
5191
6985
8717
1423
7814
5369
7387
5087
2399
1009
1110
2806
2108
6716
7933
414
8260
7857
8561
7817
8854
5985
6733
6061
3669
5861
7215
2953
3616
8240
914
5834
7059
8607
5890
1821
175
8551
4330
2810
5358
7926
3260
3664
4459
6103
8706
1891
1822
1379
3843
2341
776
875
563
9149
5916
2052
5960
494
4121
7497
965
2760
8235
624
7034
6356
3069
3938
9229
2345
8335
3211
3909
1517
1779
2618
6237
2335
726
6210
9443
1832
7685
6136
6479
4941
8171
5235
5965
3631
3001
136
7457
7089
258
5144
629
7647
2620
9677
3076
3308
2392
1633
8178
8969
9230
5267
3962
8931
8428
5687
4770
5604
3194
1362
661
8198
9974
867
4981
4102
1283
1588
6566
995
6605
1930
7302
4163
4312
9132
5380
125
6247
6027
5901
5130
5570
8983
2157
7442
7668
3486
7466
3993
4305
5526
6073
6134
7360
999
9909
5415
9315
6871
5122
7283
7872
8944
3969
4882
7742
2651
2026
5958
8416
2039
4773
3958
4369
3342
466
3113
2309
2196
7251
7630
5976
48
8762
2702
2333
501
2705
824
4150
8207
2024
1532
5323
5284
6451
607
4281
2756
4534
7210
2648
1878
8999
7289
153
1101
6201
4821
7164
595
3827
7901
3930
7856
4910
5157
3159
9828
8496
3741
6766
6365
9057
7478
4297
7082
9682
6039
9477
6050
401
8857
1675
4100
9733
5576
4069
7544
6348
9377
8916
7396
6275
9090
6819
8254
7889
5902
6054
2471
2431
8395
1953
5883
6055
8875
1691
6333
6453
6924
1454
4247
6205
4714
7389
3849
8996
9738
3986
8577
6840
8378
3718
3851
3269
9561
8191
7861
4561
7962
8261
8061
7995
8663
5682
8396
7681
9822
2980
5971
4211
604
4928
5708
388
4871
9585
2683
3830
8021
2554
6335
7729
1966
9302
7988
6096
6522
4986
8110
9398
3732
8185
848
9345
7100
2901
99
8193
420
3477
2297
5718
4113
7735
9056
6031
5849
1236
4829
5599
9038
4235
6323
8127
6623
3319
6845
1573
3145
7201
3956
7680
5119
6550
7046
3059
4203
550
7307
4723
5709
7674
9989
8925
1707
6048
4866
856
9696
8353
